1.97519
-0.962886
2.97179
0.423241
0.0444927
-0.132216
2.6524
-2.14295
0.166044
-0.506884
-0.942818
-1.04306
0.36274
-2.49102
0.699834
-1.75122
1.15165
-0.0254666
2.27782
-1.6155
-1.7219
2.03581
1.12964
0.147098
1.67503
0.559983
-0.414768
0.447903
-1.71316
2.46597
1.07881
-1.176
-2.84115
-0.270587
0.947242
1.35845
0.0881011
-0.565461
1.99661
0.378606
-3.03564
2.95613
-1.04041
2.23364
2.86456
-0.926771
-0.926638
-0.425478
3.33077
-1.03687
-0.628375
0.479694
0.562304
1.93764
1.15312
-0.495114
0.115628
-0.617291
-2.02236
-0.478392
-0.459604
-0.126586
1.4499
0.967478
-2.4551
-0.38189
0.718719
0.123706
0.472551
1.08475
0.854199
0.998632
0.0623715
0.782989
0.136977
-1.97353
-4.30453
-0.472764
-1.67702
-0.94716
0.0148255
1.39788
-1.3607
-3.2006
2.13774
-4.94526
-1.87802
0.378784
-1.69046
-0.14485
-6.29231
0.471665
-1.84987
-1.73858
1.82497
0.248559
4.09263
0.54901
0.715561
1.09543
-1.43484
-1.6214
0.294785
4.69335
0.237873
0.3813
-0.0410009
-0.855678
0.855909
-0.455345
-2.52117
-1.39711
0.509619
1.6585
-0.829144
3.11499
0.884747
-1.04856
-2.05218
0.45398
0.131457
0.24346
1.39703
0.249628
0.155127
-0.379319
-1.71595
-2.76151
-0.0647789
1.63284
-2.08448
1.32913
4.3371
-1.82778
-1.83211
0.479623
2.29737
-0.510181
-0.00549527
0.576681
-1.46523
0.584659
-1.63257
-0.848628
-0.8557
-0.742041
0.595957
-0.0155265
-1.21811
-0.749991
0.0798626
-0.301068
-1.54435
-1.5137
1.52872
-0.0600584
1.67215
-0.180834
1.69156
-0.375626
0.577219
2.73016
-0.119348
-0.837567
0.948697
-0.605684
0.843498
-0.57449
0.651293
1.55567
0.238337
-1.31295
-0.4719
-0.701746
-0.752342
0.185692
1.03292
1.85192
0.739957
-0.149554
0.0223475
-0.142281
-0.961031
0.32608
0.0716754
-0.476757
-1.11693
3.54947
-0.0985573
-0.578101
-4.99882
-1.39134
-0.202398
-0.356817
0.639439
-0.564586
-0.283492
-1.54732
1.35442
0.386125
-4.79932
0.305513
0.720295
-1.58399
0.173995
-0.800046
-0.00841534
2.80696
-0.246617
2.26331
-3.78099
2.46237
1.26632
-0.848068
0.472233
-0.189998
1.01952
1.14608
-0.748469
1.49868
-2.0019
1.96513
0.256757
0.0409487
0.379515
-1.79674
0.691569
6.20633
0.488505
0.606686
0.825129
-0.773052
2.42158
-4.2652
0.123161
-1.29687
-1.03287
1.29393
0.250158
0.358153
0.140007
-0.0182196
0.697627
-1.77439
1.3644
1.44179
1.70947
0.516984
-0.293718
1.92778
0.898113
0.650224
1.91629
-0.961729
-1.56302
0.296231
-0.168276
-0.110681
-1.13963
0.479675
-0.136215
1.71661
0.348445
0.181961
1.01007
0.642128
-3.01238
0.223216
0.640699
0.667013
0.78184
-2.78101
0.0313496
0.466975
-0.333913
0.755702
-0.891831
0.788799
-0.257787
0.853244
-0.109268
0.850188
0.508486
0.85877
-0.588992
-1.29188
2.98415
-0.577731
1.41007
1.66192
-0.579113
-0.511382
2.11178
-1.50719
0.658263
2.16231
0.107018
-1.45252
1.81502
0.703211
-1.26992
1.02199
-1.88284
-1.392
0.00353687
-0.128128
0.61028
-0.703068
-1.03206
-3.14748
0.718536
-0.304148
0.796409
-1.32148
-0.434884
1.36089
-0.135585
2.0869
3.2647
0.751471
0.189886
1.24755
2.68298
0.888402
1.52643
1.37946
-1.70741
-0.00144998
-1.02854
7.35497
0.959328
-2.73078
0.644384
4.12177
-1.0839
1.65467
-1.78175
1.53791
1.48868
-2.00556
3.88057
0.230067
-2.95884
0.784228
1.3392
-5.12033
1.77175
-3.32306
-1.46864
-1.23671
-0.0730941
0.724715
-0.903335
0.152848
-1.78987
-2.83918
1.41558
-0.472563
1.12082
-0.732257
0.267078
-0.153009
-0.413862
-0.922193
-0.0358741
-0.828797
-0.149514
2.02595
1.60285
0.337338
-0.266114
0.516112
-0.652274
-3.27863
-0.290371
0.395837
3.59356
-4.02037
-2.47803
0.787785
1.81137
0.266915
-0.961797
-1.04047
-0.46795
1.04832
-0.809568
0.936738
-1.06314
-0.768336
0.725683
-1.41983
4.0558
1.38739
0.876676
-0.72437
-0.205104
-0.246267
0.407919
-1.00901
-2.70759
-0.0409329
-1.89241
-2.97832
3.00949
1.48061
0.488053
1.39675
0.37826
3.18309
-2.74258
-1.0392
0.851446
-0.332747
-1.47251
0.14584
-1.03508
1.02503
0.169588
-0.87101
0.897099
1.3859
-1.55075
-0.535368
-2.04628
1.14728
-1.13666
-2.73718
-0.311349
-0.338664
-0.161949
-2.14485
-1.67174
1.4729
-0.20831
-0.586483
-0.142288
-0.413887
-1.11391
-0.299264
1.9019
2.2964
-1.0587
0.674605
0.0491567
-0.275616
4.74735
0.27039
-0.122126
-0.0845601
0.0442853
1.4257
1.29676
0.486066
-1.85982
-0.271388
-0.50029
-1.28997
-0.105689
1.99422
-1.69193
-1.48683
0.420907
-0.326416
1.39628
2.41286
0.562273
0.782994
-1.1098
0.430211
-0.839715
0.801095
1.74543
1.0549
-0.24871
0.00584114
-2.07386
-0.478852
-1.94738
-0.297518
3.63643
0.0634213
-0.256346
-2.36634
0.910923
1.95301
-0.814609
-2.47664
1.13617
0.570494
0.718888
0.332861
-0.174332
0.350834
4.39958
1.13372
1.80183
0.742657
0.0801821
-0.74205
-0.045064
-0.482301
0.756208
-0.412382
-1.28707
-2.22414
-0.866951
-2.0287
-0.778272
0.897677
0.213226
-1.92275
2.68873
-0.51959
-1.21471
-0.44421
1.79163
0.295516
-0.496576
0.80246
-4.03918
-0.25909
4.14618
-1.11432
0.203665
0.964589
-0.941226
2.08924
2.91809
0.0916336
-0.98306
0.689034
-2.09586
-1.79206
-2.21864
3.00746
-1.57842
1.16113
-0.238569
-0.354706
-2.91072
-0.463929
-0.621726
-1.87366
0.19702
1.09974
4.43394
3.93181
-2.71078
0.221779
1.44054
0.443493
-1.30383
-1.3372
-2.22187
0.572628
-2.31465
0.31372
-0.893365
2.08921
1.14567
0.305778
0.307523
0.7321
2.2114
-0.969999
-1.21672
-0.810434
-1.40798
0.464211
-1.30631
-1.28107
-1.43619
-0.823912
-0.105568
-1.538
-2.56236
8.3632
0.178427
-0.381422
0.973662
-2.48362
0.347099
-0.858286
-0.542719
0.95843
0.909317
-0.0924809
2.08899
3.17839
1.1385
-2.96973
-0.240042
-0.606549
-0.84589
1.19172
-0.932636
1.9877
-0.73014
0.0346654
1.75221
-2.33229
-3.38655
-0.182858
-3.77355
-0.481109
1.91026
-3.90136
-1.24831
-3.04068
1.42907
0.536667
-1.34619
-0.686351
-0.847419
-0.00876685
-1.84692
2.22447
-0.42735
0.182086
2.30976
-0.469877
-1.18844
-1.47142
-1.39941
1.38338
0.446071
-0.611685
-0.139417
0.161762
0.718149
-0.566766
-1.61941
0.545707
-6.24546
0.226036
-0.183537
0.857847
1.13287
0.886916
0.931375
2.55501
0.374079
-0.594231
0.246209
-0.284899
0.605894
2.63478
0.985359
-1.65671
0.637911
-1.22546
-2.16913
-0.450798
-1.72114
0.960676
-2.92587
-0.890824
2.92799
1.85192
-0.0969883
-0.105604
0.874307
-0.735793
-0.118839
0.390371
0.910312
1.67618
-0.274612
-0.861573
0.2563
0.291317
-0.28793
0.882479
0.640431
2.30713
0.114726
-1.52809
0.0386991
1.45187
0.248987
0.271729
0.414524
-1.39351
-1.53567
-1.36034
-1.05024
0.41135
0.320319
2.04881
1.83895
0.589359
0.73146
-0.33346
2.74944
-0.264429
-2.10546
-1.12891
-0.357456
1.00923
4.70088
-0.493109
0.646619
0.177731
0.465501
1.7061
0.575345
0.297769
1.03629
0.849331
2.68301
0.970148
1.51889
0.41204
-1.23519
-1.99121
-2.37444
0.74085
0.168806
0.658159
-1.27848
1.92273
-0.645452
-3.82701
0.328375
0.469563
0.0252588
2.03563
-0.418409
-1.09142
0.737721
0.619412
-0.324133
0.873399
0.4536
-0.387607
0.189615
1.80698
-1.76816
-0.710767
0.367666
1.65351
0.66844
-0.148598
3.3759
0.486145
3.73748
0.710983
-0.777026
-0.590471
0.87749
2.50179
0.149992
0.0405732
1.00022
-0.341004
-1.72007
-0.3661
-2.11852
2.11801
-3.2138
1.75707
-2.0756
-1.2695
-1.86125
-2.88437
0.760203
0.773647
0.603973
-0.138916
0.190393
-0.0454222
-1.40513
1.55451
0.628423
1.09328
0.942676
-2.08535
0.527141
-0.389869
2.65461
-0.102907
-1.30118
-1.50068
0.396372
-1.44605
0.120526
-0.473757
0.109347
-0.0709601
0.689937
1.6612
0.190167
-0.486259
-1.35158
1.08863
-2.70031
-0.187496
0.190834
0.143938
-1.08184
-0.00730475
-0.383131
-0.484805
-1.81475
-1.52333
2.31605
-1.12106
0.190108
0.753732
-0.403189
0.686499
0.305882
0.147651
1.38807
-2.032
0.119087
2.69869
2.79756
-3.68247
-0.873674
-0.764112
-0.920902
0.123349
-3.18383
0.597479
-2.70401
0.451128
-0.769363
-2.20962
0.556114
0.363613
1.21586
0.33029
0.199332
2.09216
0.60708
0.62591
-1.35136
-0.760534
1.68982
1.54856
2.61319
-4.18637
-0.0736159
1.1947
0.175811
-1.16493
-0.890837
-0.907065
-0.822928
3.00468
-2.2058
-0.705904
-0.962072
1.68918
0.377123
-0.223357
0.635589
-2.53745
1.18889
-1.36676
-0.0701431
2.50283
0.500146
1.29828
-2.95215
0.961488
0.158206
-0.273757
-1.55994
-0.518494
1.30023
-2.32704
-1.0644
-0.687033
4.0393
-0.79385
-0.440689
0.720887
-2.27132
2.5048
-0.134774
-2.15359
-0.363666
-0.55462
1.59613
0.442321
0.111977
-0.116776
-0.132452
-0.156122
-0.554009
1.24013
1.31493
-0.704131
-0.718768
-1.10785
-0.558901
1.24968
-0.0948798
1.0034
0.171441
0.0432908
0.0417117
0.991009
-1.6955
1.94871
-5.30489
-3.06097
1.47802
-4.07857
-1.35793
-0.943076
0.784775
0.170829
1.01846
1.11372
0.972992
-0.778424
-4.03263
1.5854
0.428627
0.656469
0.196924
-0.392547
3.18802
2.18648
0.146383
-0.406459
-1.03301
-1.05093
0.891416
1.50082
4.096
2.114
-0.570863
1.75645
5.70026
-0.822841
-0.336016
0.383967
-1.23981
1.00472
-2.3193
3.55822
-3.7519
-0.385522
1.16097
0.103599
2.73152
1.01438
-0.105177
-1.49116
1.97298
0.0160847
0.00241779
1.3071
6.19282
0.230976
2.78512
0.772607
-0.586942
2.29238
0.831302
1.29611
0.593458
1.67347
0.201258
-0.0821845
0.768219
-0.681978
-0.803114
-1.91849
-1.14567
3.22483
-0.200206
-1.66996
1.21054
-0.406992
1.59257
1.93825
-1.13858
-0.22293
0.6859
-1.16537
-4.2535
0.389521
0.521461
-1.87385
1.01769
-2.03854
-0.951662
-2.04733
0.854473
-0.77634
1.9502
0.418514
-1.44961
0.690141