2.456056101
2.650659432
1.518207803
5.721995741
3.901473701
3.043432487
1.092555332
3.939961781
4.193243666
1.250679142
3.578946674
3.711174686
2.417899193
3.526528241
3.16049202
2.020499348
3.500732135
1.743478095
2.685116701
3.416706846
3.396257306
2.52546272
1.829680542
1.318001328
3.877829968
2.656479796
3.350498794
4.215075205
3.382803036
4.296385809
2.39660119
2.533323238
1.831816167
3.637589215
3.832651562
2.693606544
3.099911675
0.829505565
2.907813492
0.73034725
2.157434587
2.908054173
3.213401058
5.317330795
2.923835111
3.023605442
3.200666387
3.500803092
2.51624762
5.091720693
2.647892065
2.970882039
1.669689303
2.350744095
1.374442813
3.315642574
2.923460595
1.254490333
3.978802124
2.10093182
4.506590278
2.231278032
4.010104518
2.726774747
1.470671477
2.223326185
3.554685662
3.015345358
4.154089658
3.545710439
4.333754459
2.876510205
3.961644397
2.008862243
3.335243761
2.915271696
2.849504328
2.512560389
4.701031756
1.334289086
0.037284047
3.01483363
3.011574132
3.352323959
3.379612688
2.532418447
2.59751165
4.029766857
2.007504718
1.187651322
1.725712399
2.434764081
2.609955479
3.880395517
3.795588178
3.293044086
3.941599658
3.713527888
1.895698181
2.815284404
2.778830559
5.935041309
2.413137304
5.846691812
2.297614794
3.134743064
2.623794945
4.839102847
2.639167268
2.758922639
2.004131893
4.601082665
3.595462252
0.139812839
1.742499336
2.124320064
1.431270654
1.429130238
2.120373766
4.693132233
2.118586568
4.197561614
2.678405597
2.231191444
3.870246852
0.623924484
4.753692918
2.854601577
3.281391793
3.294147024
2.276653209
2.370583201
3.191917469
4.559352961
4.260282308
4.796404759
5.3188219
1.700978862
1.144147752
3.934101959
1.883744214
2.780672197
2.05391147
2.88204264
2.316053462
4.095176787
5.485322302
2.21819572
3.026342851
4.260125584
2.707177667
1.754165137
1.520909065
2.850774613
3.691081796
4.744218882
3.850975088
4.863460891
3.531493628
1.892084732
2.294830302
4.034152571
3.283505045
0.600701335
3.950297947
2.641371781
1.22663514
3.368666922
3.932163593
3.159151255
3.833610093
0.144987741
3.554610796
1.885950032
2.975375569
0.036749328
3.96161224
1.576729306
1.239671872
3.506164571
4.187080194
5.643759966
2.244174656
2.143541449
4.166210494
2.589167695
4.507258979
3.815308624
4.38733435
5.112244555
5.292783986
3.206333838
4.742778096
1.737478576
3.869686325
2.473283752
5.356417082
4.498539013
3.327469124
3.395569055
2.924062726
3.446131018
4.074884978
2.233830552
4.860453916
3.397925022
1.446483804
4.07579433
3.011459781
1.775584801
4.085870195
2.219566351
2.573911177
3.354099573
4.915221531
2.44502719
2.893955256
2.887979903
2.387124458
1.185359884
3.900051642
3.363260246
0.991949071
2.366287584
3.243192407
0.765752943
0.156744485
4.453508321
2.483797126
3.185644276
6.823088323
4.174102396
4.156945079
2.947519481
1.904415983
5.393731436
4.566967491
3.094539446
0.318276076
3.015291305
3.7794404
2.344377334
2.148978369
1.152067877
4.119803628
5.372830903
1.56569255
2.579832202
2.738752277
2.297079822
1.728552687
3.27639518
2.082333034
5.15540644
3.913522441
2.157485864
4.208337297
3.888630559
2.733484814
6.300757064
2.593252875
2.459702035
1.76451739
3.67979754
3.321382502
1.16106992
1.278478566
3.14130764
2.901316293
4.027768939
3.913992052
3.793283169
3.599947408
3.558475505
3.355993143
4.158065821
3.801331393
2.207608711
3.146666859
2.832114969
2.266731022
4.125298865
4.555634739
4.13365157
2.722812313
2.800737095
3.490484979
4.68989331
3.455496897
2.007237539
1.719186715
5.62188953
3.088718972
1.103135777
4.77477606
2.699710595
0.858758989
2.884795114
2.185418015
4.394276375
2.064976751
2.249572814
3.036426325
2.446583651
1.14119909
5.658965978
5.580996369
2.340846952
3.585189092
2.384618514
2.968479745
5.127544834
2.542882735
3.495227776
2.964538139
3.646945928
1.77408357
2.556100024
2.281009425
3.687531772
5.820667154
2.197269347
1.921573752
2.786389306
1.881771115
3.986331191
2.708492676
4.876587718
2.905673242
4.020235681
4.234571965
2.173001752
0.939223742
0.437301677
3.32391247
3.329774228
-0.143251802
2.971999302
4.118915246
4.093774009
2.414504884
5.353308499
3.552570895
0.539973529
3.089889053
1.757834719
1.382833708
3.471317152
3.324966893
3.010017759
4.061009799
2.966454919
3.931446467
5.623314769
4.441756932
2.148288384
3.233016309
2.390420363
4.25803945
4.735891497
4.007568758
3.811912447
4.056486452
3.644268477
4.105342578
4.107548505
2.100570489
3.434597229
4.534353559
1.934019621
3.421679615
1.326052422
5.697743905
3.135587515
3.47137502
2.243530638
5.088746275
4.122804452
3.903410219
2.623877965
2.851073146
3.376079102
2.614440163
3.678267976
2.803747829
2.180140216
3.54075804
3.018559429
1.038171732
3.795302098
3.107042084
3.988832014
2.110127988
4.212395666
2.328583739
4.311457826
2.534763545
4.542695214
2.841524022
2.115347307
3.437833788
2.757260088
2.686807479
2.562224671
2.879714236
1.85793359
4.245828469
2.898950191
4.466477483
4.191043487
1.577838608
3.187042547
1.535068821
2.272961534
1.731550488
3.724082742
3.061798517
2.112428768
1.799372106
4.241784854
3.084110846
1.826685528
2.635813213
2.953492623
1.641910942
2.716054404
2.226181801
0.906897986
2.853990736
1.750097214
4.9893451
-0.096490489
4.387144971
1.500463986
3.265975323
2.782482948
3.344939252
4.91039583
3.326484507
3.062331051
4.43592942
3.661814346
2.174433379
2.11912472
4.653871172
2.115052256
2.59926491
4.003223025
4.601059555
4.548040261
1.381971637
2.556993395
3.180375119
3.615807007
2.547141952
2.82104945
2.760463678
2.898865844
4.946582579
3.825445951
3.566704292
3.144685064
2.007322147
4.670140089
5.037648541
4.854915973
3.463954946
5.038225261
3.330113227
3.097605116
1.551060093
1.129494046
3.547824252
2.530621924
3.296616918
6.238226817
2.738248314
2.929931607
3.318425683
2.092981895
2.567295538
2.272459325
2.118828563
2.881834737
5.548437198
3.783783684
3.471649589
4.064316462
1.286896015
2.644891804
1.63474942
3.282991765
3.48955236
3.65850409
1.747509921
3.436924898
5.246842961
4.349770826
3.130042894
1.687742025
0.848800599
3.27220101
3.258895744
3.167760214
1.018364449
2.459421796
2.680258891
2.486946111
2.819481585
4.633987359
3.864590716
1.764994352
2.390795742
0.938259311
3.136535513
2.83221919
1.878383838
2.14027074
2.386869777
3.197179594
5.357320061
1.079835962
2.799663238
2.168728925
3.842044837
2.791858632
1.577715468
1.601668049
2.348672236
2.790635528
0.749723542
5.199247766
1.84101763
4.778515778
3.180156732
2.840477026
3.20215305
1.171698375
2.487856523
2.218422831
2.68207805
3.641810923
3.078247366
3.521207613
1.314712132
2.862258288
3.730220448
4.617666925
4.482595959
2.540433982
2.332526428
2.480914595
2.149862094
1.657346608
2.451536347
4.606437715
4.874113493
0.59049628
2.523456284
2.43831792
1.159954386
3.963299222
1.951484672
2.236895541
3.867630798
2.561588387
2.78145799
2.768433218
1.913001909
3.274420144
4.206092931
3.16673347
1.563562396
2.434704209
1.206982518
3.610907439
2.644551104
3.663091327
4.451955511
2.802844968
0.668617181
2.446875166
3.215934697
3.441999509
4.883176982
2.531940608
2.236150412
3.659875928
2.727105745
1.38843061
3.765166723
5.236307444
0.917361071
2.290765229
3.593344303
3.337526278
4.743861183
5.041584032
2.194619684
4.790815827
3.057546437
2.131094582
5.643971062
4.050270553
2.720138951
1.980043031
3.542222659
2.58670463
1.55218991
3.001129017
2.892405544
3.56834805
2.789819706
2.479742266
2.610660615
4.555957233
3.451083357
3.202285624
1.783293872
5.147087534
2.231286093
5.329237416
5.48493172
0.36634133
2.893067261
3.476085845
3.395955952
2.461787172
1.83156811
1.660327405
3.800857893
2.536042507
4.615092029
1.930894918
3.588316303
2.198242113
3.933384101
4.95923774
3.708327789
3.424019238
1.959163611
3.232713506
3.019530677
4.2345265
3.491402631
0.667287798
1.953002607
3.927155973
4.131544882
5.264442138
5.465553921
3.966240976
3.688317568
2.266873199
0.086095927
1.806172646
3.575819792
2.645155572
3.051100941
5.080666085
5.419524961
4.707070158
0.958864369
3.643662411
3.062241896
4.932382987
4.647442236
5.032890237
1.972240469
2.049026321
3.731074369
1.604533343
-0.106214552
2.003087106
4.090018897
3.973056537
2.702809233
0.391473702
4.376531977
3.645280108
4.932414538
2.384219663
4.341444602
3.82381325
2.637313059
1.034357819
2.178680141
2.955653806
4.892637214
2.349341535
3.13479178
2.619165832
4.056976608
4.570123423
2.012933172
2.024847061
4.477235748
2.871060961
2.869421821
3.295271504
1.13421308
2.387268612
2.9116427
4.054827931
2.311848395
3.257429869
4.992313964
2.215017688
1.793902806
5.03610131
4.492695794
4.756096698
1.324898704
3.281704439
2.447135426
-0.693279409
3.911919196
1.900883159
3.922235027
1.394998709
2.146487676
3.737585916
2.840689285
4.543741787
3.261135775
2.595966031
3.21815323
3.804134047
1.771211257
3.429682166
3.870084446
1.843977468
1.673692747
4.80947256
4.010086002
4.236523953
3.979901695
3.315308345
4.550228237
-0.451659206
0.138010992
4.037327311
4.463237552
4.590397727
1.446601696
1.928311355
1.170002601
3.235682682
3.684402758
3.872584411
3.349284797
2.291253825
1.169044636
0.894692746
5.130347884
0.648400443
2.872187466
3.210707762
3.777020091
3.94485626
3.869051864
3.161321382
2.887633293
1.459837846
3.706326217
3.399030353
3.473978164
3.954853498
3.245668744
1.874047522
3.928416603
1.926434522
2.461336754
2.624858604
2.264986982
1.625791541
4.374123332
2.849323748
3.911303823
1.981599927
4.06557794
2.219633052
1.903378557
3.461611453
3.443169674
3.023836091
1.147140019
1.189201822
1.812992393
2.476548172
4.060891609
0.969019453
4.050171973
3.130523982
3.090342581
1.647315888
0.710039566
2.730172957
2.421398593
3.792426815
2.470560467
5.557310616
2.417389545
3.755194878
2.379701698
2.738727819
1.941872866
3.403916382
5.617921163
0.535042521
1.642141477
1.419785297
3.855102812
2.784195666
2.159498114
3.449586529
2.021743038
3.825429886
4.264241756
2.394121629
6.188310766
1.472822638
3.992060812
2.813011028
2.556514493
2.384200714
1.57752538
1.903512885
1.762910603
2.529571574
4.692394082
1.719327644
3.485351272
4.339920608
2.579716504
1.333112734
3.008765425
4.365288652
3.278370499
3.934681084
2.18079502
5.538955348
0.866371633
3.48959711
2.069811893
4.469623351
1.497885019
2.424421872
4.639641029
3.71310042
4.654827201
4.406647117
2.7895824
1.38768976
4.973347703
2.495378928
3.498639037
3.039257306
2.077579124
1.482241358
3.69666822
1.596258154
3.891904024
3.509686554
3.715064883
4.142688671
3.329636059
4.339744329
3.500821213
4.00661431
1.839530237
2.003870375
1.156505796
2.949345488
1.060060686
3.652297987
3.238879473
2.74140179
1.498976484
4.274386226
4.108125567
2.822752823
3.720281542
3.384653833
0.970521731
2.290949072
3.766034871
3.146130763
4.517677529
3.445005597
4.322606212
1.883182297
3.800123669
3.591849331
3.137082274
3.601822774
4.180746607
4.717169904
0.842195358
4.096954784
5.299175888
2.615453262
2.468963064
4.346445795
2.702017746
2.692427439
-0.675093325
4.2619365
1.863694398
3.242064386
5.489165553
2.853756879
1.456895157
3.045105827
2.510305397
2.298841019
3.763542262
1.352437001
1.379920956
4.234338683
3.512238035
-0.645296112
3.299095472
1.27461453
4.60433548
3.695341196
4.255033642
2.232577456
3.182875269
4.826957899
5.170579269
3.800177631
2.401232656
3.161472202
1.734835429
3.167692956
4.976860004
0.998794225
2.16684259
3.1582827
2.71585468
1.150301633
1.683569078
3.533457837
1.655015655
4.221957524
3.226039966
2.527580655
1.767596468
4.35535884
1.589131899
4.523189569
4.320105795
2.485688161
4.15642133
3.622877071
2.732948547
3.467924756
4.787271815
3.015955095
3.582327582
3.229931866
2.872072103
3.383800822
0.61020899
1.179462355
1.858290473
3.404817661
2.773134108
2.360960685
3.014939144
3.266672509
2.636265688
2.052612011
2.154803946
4.463199851
3.131555834
3.061866077
1.681242446
3.615990262
1.88643637
4.081202823
5.203292564
2.423443731
3.242147494
4.10535059
0.530394192
3.927595896
3.009957815
1.917831484
3.254398625
4.162806961
3.647078513
2.042122277
3.183069154
1.337959604
3.300758923
0.174516126
2.775463975
3.830232326